12345
243
152
113
-68
262
293
-100
76
148
281
375
212
334
157
273
362
423
210
-23
-50
293
283
-62
336
31
61
116
94
117
275
432
344
226
346
-69
271
-15
13
377
139
349
420
1
316
347
79
279
135
-76
-57
198
34
422
166
316
-100
-94
388
411
314
348
-41
311
3
166
-123
323
331
-32
-60
427
146
193
258
-49
312
18
149
156
302
306
-121
259
240
-83
312
375
18
110
-46
-48
284
104
90
51
300
-52
192
383
238
291
-100
56
53
210
128
192
82
297
23
5
226
381
-55
-69
451
164
208
19
295
200
188
194
-107
309
416
57
0
216
452
394
332
191
360
290
44
104
353
176
261
177
229
-11
14
-14
-13
278
391
-79
203
99
-62
281
405
0
21
-50
320
-71
324
271
145
190
0
278
395
400
363
217
408
52
404
120
100
57
440
241
24
-32
-104
52
452
304
273
-54
58
447
236
378
425
108
370
4
396
172
16
294
160
238
392
-35
150
183
282
447
128
131
399
31
50
48
-20
-65
168
-86
57
175
111
368
-29
303
-105
192
314
156
298
352
403
156
291
1
29
-5
107
338
408
-64
335
70
242
230
-35
-50
184
62
301
447
419
290
161
293
88
216
431
123
-46
286
415
-12
353
30
85
-29
59
122
393
-91
-50
420
117
45
398
198
-10
420
358
134
235
190
360
321
312
248
157
136
41
-103
30
259
147
148
-12
386
-25
447
239
325
32
456
210
204
213
202
20
6
359
453
111
242
378
196
190
263
70
404
-79
103
159
-98
142
450
189
207
333
119
186
32
-13
392
70
-93
96
77
318
-75
439
108
289
302
439
-57
78
213
28
248
456
19
-98
366
439
41
358
188
153
180
246
-63
252
207
156
323
352
155
424
183
359
210
231
68
75
114
164
2
-14
270
-51
-13
284
127
337
98
12
86
1
122
16
294
-93
404
297
359
0
351
-118
199
250
144
-5
359
424
448
74
93
334
71
242
67
251
183
-57
269
-102
57
291
71
219
-7
424
-36
123
216
-88
201
-46
419
206
81
427
-102
11
189
271
347
220
-47
-114
402
-123
455
452
171
94
279
35
-55
279
313
391
247
167
153
30
335
-20
179
51
401
-4
147
230
112
454
24
7
423
-22
198
411
225
124
69
286
203
-31
210
132
-91
393
456
86
15
301
-99
3
-29
-92
-10
37
295
324
70
314
132
172
7
73
262
433
436
184
231
36
294
134
-81
263
390
87
389
377
-89
324
-50
-88
361
366
10
276
263
-29
111
165
334
348
321
305
84
96
9
279
427
251
194
80
268
39
-75
-55
-58
381
443
415
16
83
-7
255
-58
145
189
375
205
77
-20
96
-89
77
225
224
212
451
309
146
7
65
-66
58
144
65
319
354
212
108
287
-115
420
258
20
18
-102
342
427
223
58
35
12
376
-115
297
12
38
420
91
132
56
-95
-23
214
281
277
-4
-34
382
2
373
27
177
337
161
8
-97
419
-107
82
95
404
224
127
221
-7
326
413
116
314
393
10
361
243
-73
190
215
83
135
424
138
269
164
225
60
44
450
45
-117
-37
59
-77
-123
431
-73
239
-22
329
324
195
450
410
180
120
445
358
406
149
288
-88
-117
183
197
52
75
151
-62
-104
-112
129
158
330
220
454
344
354
105
87
51
315
352
188
132
-80
229
331
12
232
-75
-44
-10
-46
314
247
47
333
144
79
318
322
209
-114
438
124
413
-55
47
-111
-43
132
354
37
-27
-50
215
-26
245
144
212
362
310
235
347
173
425
-93
215
-55
-60
8
181
171
455
388
168
207
257
-103
245
18
-23
20
282
248
399
353
104
103
182
-117
15
396
264
182
326
107
120
137
98
289
341
133
225
387
278
406
55
210
11
242
4
305
430
213
444
184
257
-65
-14
114
452
-108
309
362
76
74
-83
-6
318
-18
210
294
85
438
327
375
381
-94
98
-15
34
285
161
129
146
-68
-9
153
172
93
38
129
265
226
324
376
425
94
289
368
331
229
359
-40
-74
318
224
380
-38
254
349
76
210
-102
16
211
-41
-62
182
310
456
101
73
355
295
3
374
251
127
295
448
394
384
425
442
38
286
163
-4
240
425
88
375
326
371
3
45
420
181
119
413
-78
-62
253
431
-44
224
74
139
297
359
285
-110
-79
8
84
302
255
284
224
300
416
85
237
167
170
-14
25
154
255
224
444
117
188
-109
86
171
185
-11
405
367
-69
208
281
300
-81
390
29
-60
128
76
314
86
367
346
254
169
212
185
138
407
255
-58
238
53
442
-9
32
271
-33
-1
436
315
155
-82
-51
-43
-27
201
432
56
422
78
376
46
-118
1
306
-110
175
360
-74
211
-97
211
250
313
331
144
-73
176
354
-113
224
3
197
-9
-112
-110
113
91
274
361
450
398
410
223
393
49
-115
431
-100
319
410
-12
311
433
185
-27
123
414
61
43
402
98
333
377
69
157
158
406
-42
86
380
5
302
-13
-5
273
315
276
116
-117
341
238
97
226
297
342
87
59
36
-81
411
-85
-77
106
229
391
374
435
83
286
77
179
406
-83
456
353
99
329
377
401
175
405
140
211
79
-47
119
147
-111
143
-92
401
107
118
295
108
436
327
140
149
176
-92
13
344
41
230
241
-63
263
371
429
42
63
-38
165
350
425
198
190
268
86
-50
108
36
330
340
163
31
179
222
438
227
207
239
348
-56
90
-1
145
117
215
305
14
-105
186
181
-40
-111
35
235
142
295
-109
129
424
44
19
455
27
55
111
-88
171
393
406
5
244
-108
-101
141
363
294
-45
53
198
125
1
247
26
367
-104
209
94
238
36
-120
-42
-79
392
83
45
416
212
44
455
-114
403
147
449
328
140
405
-63
-19
210
114
-66
89
223
131
281
66
333
344
27
51
419
0
176
-94
182
306
-47
29
45
177
448
-3
-9
293
227
133
126
235
84
219
453
144
-12
45
-109
355
407
418
417
284
61
119
-20
417
325
434
443
263
135
383
196
300
314
102
203
-68
95
-17
205
240
62
428
259
-57
264
349
364
209
372
91
373
-9
50
167
-44
446
193
160
230
-17
-123
66
-63
233
453
-97
453
-6
429
-92
447
348
448
-71
417
-59
279
160
441
201
-4
368
316
47
91
334
235
364
227
287
331
316
-78
343
357
438
251
401
-89
-5
229
235
263
-53
266
356
367
368
300
78
-37
195
394
102
-24
7
181
-105
190
409
431
285
98
177
95
-9
435
125
431
225
300
166
250
355
-109
112
-113
214
429
77
-80
316
233
126
103
66
304
-1
231
388
36
312
182
282
-26
306
304
114
210
69
-97
62
85
158
119
209
-71
-59
82
-122
42
-63
40
-58
40
97
-16
115
62
-91
0
436
130
398
22
432
401
106
210
-111
321
274
327
104
215
277
21
120
-24
62
-46
382
172
200
429
140
168
409
304
202
376
200
345
84
145
-15
190
-57
305
429
197
400
57
2
324
58
-77
-44
285
263
170
-43
-71
398
21
166
378
81
438
440
333
338
259
412
24
-102
-35
453
39
-33
235
40
304
252
190
-85
239
156
-45
94
22
-85
324
290
327
-103
343
149
31
-39
-114
384
88
249
166
152
300
-68
267
190
0
375
65
445
454
163
170
33
17
-110
368
-2
-55
-22
370
266
433
450
399
49
275
51
67
207
53
257
48
273
3
118
53
169
114
223
281
38
331
-59
25
-117
130
454
113
301
156
-16
337
-116
-7
56
187
-89
87
391
339
23
176
27
134
-53
334
-54
-63
44
291
167
148
399
218
7
116
401
278
-122
408
27
-22
-45
17
0
132
418
436
-115
110
124
405
-121
430
129
-9
280
-89
224
-37
172
161
308
416
298
420
286
-17
83
72
-80
0
274
57
35
359
329
16
359
441
34
412
49
105
422
-4
435
352
21
134
210
178
181
14
101
430
7
398
130
328
92
431
440
98
49
417
35
-96
-112
-112
174
360
108
298
102
-6
106
287
251
241
-42
131
167
358
108
452
270
31
155
-41
168
191
-3
47
385
103
94
292
171
447
170
-38
138
391
277
331
417
-108
-94
139
199
186
256
70
439
266
-120
272
231
249
-34
63
356
-93
317
-50
253
387
90
234
-112
380
118
162
288
157
301
180
176
-40
30
368
363
378
433
303
203
11
401
61
-76
54
269
-122
-18
456
159
33
337
218
156
136
215
63
-77
27
374
93
69
210
288
93
239
-1
-105
438
247
315
409
264
326
68
-95
-106
395
450
329
370
181
444
91
108
403
181
254
422
94
183
-29
-12
102
-30
87
58
264
168
278
195
258
284
-52
-100
353
306
278
409
-110
299
42
-14
118
350
415
309
330
224
-56
294
118
276
219
339
-17
-22
141
363
404
398
124
111
58
137
211
405
73
165
-44
-111
-56
56
412
227
383
282
37
339
231
296
317
143
232
-3
431
155
192
64
433
340
148
68
210
53
29
48
285
50
105
188
373
375
17
426
265
-65
16
353
135
353
-47
324
256
435
39
291
83
123
381
188
78
121
102
421
238
-45
309
-43
-1
-19
374
-4
265
422
141
135
413
449
213
82
334
244
113
218
355
286
81
248
-10
218
54
0
338
305
129
15
240
239
-23
400
56
223
302
226
142
-91
326
93
258
396
237
294
57
255
454
254
-115
-30
-48
18
149
41
157
127
322
110
379
285
169
422
431
329
336
236
208
204
-74
268
403
34
-42
161
209
-121
76
242
276
9
438
429
287
368
418
42
178
94
452
-40
151
170
-88
-116
-109
-65
263
411
48
308
161
289
-103
-99
-97
7
73
166
-93
333
135
156
-71
269
425
96
85
-45
327
329
360
146
280
209
392
230
428
43
180
212
294
-19
357
3
-57
375
358
143
1
366
221
190
24
-26
396
436
277
186
-6
100
325
329
160
85
122
79
-7
345
267
235
94
256
328
112
-32
170
356
33
-123
75
452
441
265
368
239
159
443
27
34
411
321
260
445
98
239
-119
308
266
239
374
330
110
-37
93
115
57
49
-104
205
64
452
-20
233
270
292
368
168
84
299
112
49
234
-69
178
133
186
19
241
61
-24
387
28
284
355
305
73
409
434
33
-34
19
79
17
191
5
278
-24
-6
354
27
182
-122
-113
82
172
-51
117
-74
143
-50
207
-18
197
238
138
-123
378
83
440
98
-114
275
282
-17
267
256
249
87
-24
450
-50
-32
433
253
-103
-119
100
31
124
438
322
85
76
281
302
32
259
259
110
231
380
-103
358
-97
-26
76
288
360
357
-86
-44
-65
348
319
-36
172
80
-58
-77
376
289
69
226
43
318
-84
69
-15
230
168
232
233
-16
412
-7
140
-20
-9
319
-74
-60
323
202
35
376
34
-98
367
-65
220
234
298
70
145
149
-107
299
329
13
24
97
-117
99
101
455
309
442
0
4
358
88
418
270
281
144
389
53
-26
336
368
-41
112
157
246
27
355
384
-58
402
311
360
200
-18
268
-117
310
233
176
14
188
327
73
-18
20
-6
246
32
369
173
115
268
-6
288
438
-82
306
83
-104
429
17
293
65
256
236
44
140
106
362
250
58
-122
292
122
-104
271
355
83
44
87
303
-82
441
426
391
320
377
368
-95
195
233
-56
52
259
99
38
444
300
204
320
-16
178
196
324
421
254
196
180
-53
-10
448
320
267
224
-76
263
423
-87
197
347
367
-95
-54
-74
269
350
329
336
170
-9
292
54
215
7
241
20
243
430
-120
-78
368
147
99
264
155
185
386
-17
189
99
134
62
-6
36
272
181
284
212
251
-10
433
350
-83
351
134
20
204
68
74
154
205
-49
194
119
-41
88
371
115
28
315
-19
93
92
-99
-52
176
390
352
395
238
-38
255
217
9
113
336
-78
306
5
439
294
326
371
-113
150
-109
360
222
136
32
399
383
402
358
418
-46
85
369
187
330
388
168
420
-122
194
120
20
46
-105
-120
415
276
394
194
218
404
213
-108
-99
237
-33
-95
-18
39
142
-15
421
182
-120
136
343
202
140
424
247
296
-108
72
360
147
-55
30
81
340
84
243
24
-115
-41
288
314
26
344
4
130
-111
192
295
-52
207
-53
331
388
92
27
92
345
297
399
246
183
295
259
397
-101
36
143
368
305
173
374
197
422
288
188
335
206
52
-12
280
206
22
43
-19
174
373
43
300
358
49
281
382
274
163
264
234
341
-108
141
-75
-43
272
370
417
123
209
131
-117
135
115
369
349
236
117
406
418
230
2
359
428
421
377
13
86
200
-41
60
80
176
440
-67
138
210
13
-101
9
-2
63
10
49
212
427
314
90
378
333
319
380
156
404
-120
184
-117
169
377
72
78
204
354
266
334
270
5
225
-36
236
-33
106
298
12
20
248
332
181
383
-37
-70
190
-100
88
202
-118
367
191
338
393
-119
387
273
88
78
62
293
242
-32
253
448
178
-87
58
240
265
66
-75
-90
249
-8
322
-67
180
355
188
312
-50
424
250
178
268
453
50
74
406
-17
181
238
-44
44
444
284
245
220
200
391
412
310
449
269
453
266
-80
353
299
-50
-8
367
152
36
391
179
379
-99
256
326
452
206
7
-98
455
-31
219
-20
-62
65
368
445
403
-85
371
-72
59
450
218
126
296
187
266
158
212
380
423
71
395
194
324
124
-113
-81
213
-89
208
417
-32
414
4
-11
49
350
183
-43
-115
287
-115
65
44
317
110
202
189
-62
320
119
205
317
-12
223
317
179
-27
357
-89
-23
-111
294
292
402
302
123
-21
-117
53
310
317
-108
-93
-109
351
343
400
175
-36
-65
146
301
186
286
29
-80
255
297
-59
316
228
404
446
219
374
42
448
449
151
137
375
-93
396
428
133
421
184
434
33
-33
-66
256
164
-37
26
402
7
-73
294
-47
-67
104
-49
329
96
-77
442
342
-109
45
443
153
367
446
363
257
185
45
312
334
104
-48
271
-33
-29
202
-30
-77
420
342
-98
215
352
-35
-29
348
113
133
354
421
104
425
176
323
37
301
109
197
386
405
-102
273
133
415
373
-10
-93
391
-90
298
105
274
444
205
75
385
394
-118
397
-84
314
413
295
426
234
133
219
-34
-11
436
449
39
-28
381
191
413
314
246
-100
341
0
-108
364
2
450
106
361
156
-116
156
136
156
298
378
185
181
22
-56
13
171
-77
262
-32
-13
363
394
-16
105
62
-101
-121
121
-119
424
15
130
400
189
32
388
286
-30
-101
-121
147
414
371
232
325
51
102
295
121
271
162
202
287
427
-83
-73
18
-27
139
447
-2
137
67
184
-99
406
290
116
213
-113
209
-36
149
123
-42
-85
-72
406
404
92
-76
120
260
279
222
409
352
337
173
178
420
-30
444
84
73
299
167
48
411
426
217
85
299
105
164
214
-106
11
203
189
81
49
113
-78
257
336
218
-76
10
-83
395
-63
397
110
-55
334
263
62
-13
344
334
317
450
41
-97
-21
97
345
3
164
24
412
265
389
452
251
8
443
-28
365
-32
328
18
-105
103
298
409
306
120
-84
11
208
200
272
263
95
39
164
143
381
275
127
-1
99
377
-72
99
307
186
329
143
123
170
-42
444
189
91
247
-31
152
71
13
101
74
421
224
210
-5
210
203
229
-72
185
254
-18
64
94
381
-102
70
158
-101
385
-68
327
44
11
230
352
156
14
-31
274
178
-114
-97
65
305
322
347
387
-102
227
13
-82
301
135
119
95
361
155
21
-100
27
-36
381
53
278
-93
22
334
380
-5
343
35
340
333
396
298
335
188
-67
121
227
400
45
433
305
277
80
-15
-84
213
123
455
46
-35
151
387
-83
-62
435
128
377
215
300
65
-66
258
277
188
207
308
217
180
359
-105
-19
12
107
183
185
-116
-58
215
-105
-68
16
384
-42
-40
-48
431
-34
111
-13
350
171
244
-123
338
409
287
-62
382
360
324
30
379
-99
383
210
-88
448
218
397
81
244
299
-69
58
329
-90
61
51
350
234
46
441
54
-63
180
91
399
-43
207
15
-7
234
242
413
294
432
391
227
230
-33
244
-32
21
128
236
87
393
376
-89
319
334
-24
-12
68
53
0
28
176
394
408
311
276
119
-2
157
-46
-65
366
217
387
3
63
164
382
82
232
147
427
313
165
-45
399
384
14
-41
-20
86
-84
387
92
220
373
324
204
245
245
369
137
-87
259
332
176
242
64
156
33
433
412
218
448
326
290
397
21
347
-89
324
97
364
308
396
392
130
163
434
274
155
380
280
-59
-100
-107
418
312
117
-113
146
422
281
53
401
329
382
160
71
-75
308
-76
-72
360
61
379
48
440
-5
432
235
364
139
41
-113
-119
191
104
142
269
95
380
382
76
195
185
135
-39
-26
-76
415
240
343
-41
-118
175
137
27
133
-8
194
422
123
-123
-102
-95
108
377
358
371
380
124
338
45
53
-23
-118
-13
437
286
224
184
200
414
27
45
296
27
310
23
-108
58
111
316
234
120
-93
-121
-72
208
176
354
-57
339
-45
324
198
210
453
169
447
407
3
94
179
352
431
-69
111
261
111
347
83
308
69
364
-25
436
417
72
-39
402
-71
149
-81
173
407
210
269
154
236
-75
197
-105
-95
380
177
399
166
-59
414
145
-28
403
314
388
-30
111
94
-34
408
193
427
346
162
238
247
153
1
243
6
126
344
-101
260
21
321
225
129
406
431
45
-58
357
136
249
76
254
58
101
221
-33
87
385
387
108
433
231
283
84
283
63
67
113
93
43
287
272
395
-62
230
263
439
383
187
241
254
43
211
23
200
392
445
38
31
437
-99
395
313
317
-41
180
265
-120
195
-121
368
371
73
-46
346
-97
193
4
100
329
320
94
414
366
64
66
431
-119
4
427
-52
9
31
288
300
96
-86
190
8
-40
-90
238
130
380
-121
453
426
275
182
59
318
294
40
230
115
23
362
-7
124
273
252
170
-11
-26
453
386
188
77
119
341
285
-17
-63
-70
93
69
374
122
387
342
267
-95
213
264
243
414
-102
445
50
325
12
149
-80
225
-28
205
455
6
68
-8
392
31
343
333
255
360
-29
294
127
245
18
313
-70
262
418
104
115
12
106
168
154
212
86
333
290
197
424
418
73
66
263
-14
-98
218
-78
180
174
354
106
106
142
95
-32
50
312
223
147
-18
377
4
365
303
267
263
15
218
-60
127
201
60
323
143
405
254
342
133
-71
46
125
234
326
351
-88
234
400
341
66
-13
246
143
13
82
455
-105
15
231
434
180
35
-70
153
-113
298
296
351
356
313
275
-51
375
235
62
192
85
-119
-22
206
-40
244
261
84
157
106
220
361
120
119
-119
169
195
-102
115
111
368
-97
-50
-94
426
39
74
-77
233
114
321
254
-34
135
116
99
34
177
11
245
80
311
198
-61
73
258
63
139
410
441
375
129
334
227
152
333
96
398
172
42
11
-62
138
305
176
-29
-88
137
173
127
296
171
279
-26
372
154
358
282
383
122
236
221
364
-46
-71
-91
38
22
-66
175
-83
448
164
244
323
208
289
-37
54
93
-92
442
293
261
197
302
159
367
432
-77
445
422
367
160
-117
334
-114
250
38
-19
287
-79
253
173
225
416
119
279
255
121
224
160
314
224
232
297
261
398
-102
-57
196
-82
127
202
175
123
432
221
48
215
130
0
363
55
438
415
173
307
287
123
197
50
450
-103
307
34
-5
236
180
-10
369
222
377
374
122
430
227
253
-105
138
319
428
56
192
205
344
-18
206
332
314
399
390
34
393
183
167
381
215
78
442
159
453
-86
-59
236
101
298
421
164
148
432
268
72
356
-2
111
-73
293
94
313
114
191
399
15
180
80
67
427
276
32
435
-49
340
251
327
-20
312
126
304
179
427
417
177
34
339
202
72
-66
-75
117
386
20
-31
3
196
162
-112
210
231
-12
279
-82
93
237
400
337
1
152
198
221
332
351
190
272
3
49
110
185
214
12
65
153
263
315
326
199
23
411
278
322
-107
-8
304
5
-66
-14
226
297
372
175
-123
191
385
397
-116
28
66
94
-17
15
341
251
142
11
301
320
-85
372
409
128
350
200
175
266
178
200
-76
380
176
-12
106
423
353
16
450
350
341
-42
173
75
18
380
261
375
406
78
2
-4
318
306
-115
229
324
199
437
183
-49
127
394
99
159
302
456
244
263
31
450
-27
232
39
147
-109
165
79
266
281
161
384
-13
381
-79
424
427
120
434
453
122
-96
236
10
-39
-98
165
73
334
380
-115
-106
-50
122
100
2
154
317
234
402
137
173
392
247
-102
62
154
128
398
189
178
256
95
216
-79
-19
-84
390
107
323
228
455
276
242
147
383
142
314
288
378
236
309
12
385
77
423
333
432
333
316
149
26
-12
105
310
304
-20
-109
412
318
266
275
337
437
136
13
245
154
135
410
191
181
132
-45
450
159
400
-43
336
-110
262
199
316
332
197
421
35
-109
135
292
-80
149
58
172
188
199
229
266
112
102
384
108
184
342
63
-36
354
336
264
-72
-43
-81
377
9
352
361
298
112
214
217
1
-121
226
-82
338
2
249
168
270
-54
101
102
194
243
-24
-78
356
-42
171
86
104
246
31
179
110
381
217
-57
424
357
-38
330
218
354
176
210
321
-51
-17
266
219
324
430
-52
17
53
132
399
169
276
447
80
214
431
-113
21
411
-79
67
224
46
342
347
-91
265
269
-40
45
-109
-9
417
328
40
103
20
396
248
-89
213
276
-30
-42
157
303
-87
402
287
-8
116
-106
31
78
198
451
243
129
-117
19
103
-114
184
254
71
-11
-75
-6
142
28
74
23
9
-120
180
21
432
304
-78
391
210
174
303
377
321
397
201
115
152
33
-36
164
385
-10
177
208
13
-17
311
15
-37
-47
260
324
159
278
444
163
298
74
146
91
407
395
13
-101
150
222
112
145
416
351
325
-95
-9
238
-22
279
195
-11
310
182
277
322
349
205
86
-116
370
377
65
-75
-113
52
59
433
145
-68
135
298
384
249
-97
414
104
72
203
339
386
131
361
208
-115
388
204
263
-15
397
-95
67
64
456
-73
90
382
184
-4
298
-16
21
254
265
215
382
50
214
-53
177
239
288
-110
-21
97
386
428
-111
165
410
133
95
-19
350
-105
98
333
5
429
444
-7
-89
207
70
-62
106
394
-1
431
-41
-53
-118
238
134
330
288
31
417
423
417
79
269
413
-64
279
220
16
175
241
234
213
-66
-68
315
91
155
161
61
62
323
-121
412
116
450
276
305
216
316
8
86
78
212
89
212
341
268
298
-107
202
107
-122
50
-27
-71
-28
-87
246
334
189
416
-63
311
362
-60
135
39
277
442
-67
296
323
329
170
89
178
186
299
-63
352
225
-45
384
247
-43
236
-4
362
-115
-123
131
-33
93
254
273
117
-10
3
57
259
87
-90
235
-30
166
153
88
-21
79
387
296
320
23
-46
-71
219
-55
71
414
10
444
55
3
174
-107
351
326
285
-7
429
-13
106
-104
53
211
-41
413
399
206
13
-102
82
156
295
178
373
-95
-63
394
313
417
410
134
169
57
355
266
145
116
105
80
211
19
-109
-42
-44
428
78
-92
-67
421
280
182
-5
117
281
282
-80
-51
-117
257
165
228
139
280
-109
207
262
193
221
409
234
87
133
143
330
-60
-118
12
-84
244
279
302
-107
245
313
146
413
95
-11
137
33
364
360
357
-115
-51
110
197
312
191
132
175
106
172
157
432
278
329
344
-113
-37
214
186
61
276
209
12
370
104
-88
10
26
219
433
90
214
-35
361
406
29
-108
64
-43
-69
447
-120
-69
232
312
396
286
315
235
-115
-39
274
86
30
174
414
270
-112
335
199
134
368
-104
114
135
271
45
103
208
417
148
-51
137
47
419
187
186
150
324
434
27
288
78
24
102
154
320
136
-46
108
454
-50
409
3
268
306
187
81
50
309
213
205
-30
-6
84
185
399
339
372
273
334
79
217
236
-108
374
315
24
30
294
176
149
307
86
443
-17
222
-24
188
325
-40
35
150
-18
391
148
-91
90
394
48
285
-65
324
-43
301
-114
-116
440
-54
-81
13
172
-84
301
400
334
161
111
289
31
441
301
101
404
-7
-32
236
112
246
304
374
-37
-59
40
315
-32
58
209
291
0
236
11
298
125
214
-119
235
448
271
135
319
156
46
-37
455
83
361
285
-70
374
252
-31
207
132
392
344
-32
406
66
209
183
72
-106
415
-14
-68
364
280
300
214
157
186
163
-20
332
346
320
146
200
225
433
197
333
87
274
-48
292
223
397
261
175
377
-22
317
325
262
431
-93
54
369
89
81
87
322
422
448
412
178
-30
200
116
358
271
-27
-12
11
448
76
242
167
159
175
224
244
66
58
20
438
-46
-65
14
283
149
236
244
291
358
354
257
123
233
319
-31
166
10
300
394
255
-33
-27
183
424
96
298
339
42
244
383
-75
-121
442
251
-78
8
-69
444
293
35
4
374
413
53
-63
223
299
244
310
-117
117
326
192
134
284
6
35
83
212
11
303
382
374
285
5
379
317
171
309
326
-14
202
312
427
-106
188
145
-18
287
-121
400
455
-29
-67
216
-66
433
246
338
242
142
321
-31
226
330
248
-75
-123
-62
355
17
360
223
-63
61
-32
-40
422
214
201
371
341
73
-69
-93
297
211
-20
15
96
433
322
74
-16
28
289
424
45
-85
309
81
138
293
297
-63
155
316
249
147
105
268
163
-58
350
-18
362
205
383
237
442
249
-10
410
-119
420
-94
55
0
323
420
100
426
33
-43
203
446
96
195
111
-33
-93
439
-19
309
89
396
-24
-3
439
147
225
143
301
383
191
-17
119
416
-12
448
3
211
395
102
304
-72
220
-12
417
80
13
71
194
167
90
322
-81
183
-119
207
156
240
-93
200
256
243
-81
146
420
-49
76
132
-66
254
8
35
6
178
159
376
125
199
379
-9
38
-30
433
171
-89
321
146
13
345
188
183
429
94
-89
20
79
248
76
197
269
118
180
146
292
300
21
-90
-4
332
340
221
343
214
116
-61
4
315
384
289
200
173
108
195
304
100
168
427
345
263
274
358
-59
143
307
34
-73
3
377
260
407
86
24
180
435
337
176
257
-66
389
295
98
240
219
-120
314
277
327
216
222
221
301
103
382
-43
328
51
217
225
5
244
323
216
297
98
103
363
447
-2
52
389
181
269
48
258
82
363
290
310
274
-40
-118
417
32
444
378
128
-4
-116
399
143
187
-82
-102
378
294
287
418
115
262
339
-27
451
211
168
324
261
195
299
187
397
298
145
310
421
346
453
370
-89
129
248
16
100
431
28
268
83
324
228
247
324
361
329
212
43
380
-92
-96
-103
-94
214
309
56
303
-113
356
289
276
21
182
104
402
445
223
-96
309
231
-44
81
369
51
158
117
153
238
264
439
267
-84
367
105
250
-9
-16
387
251
235
361
123
28
181
-27
0
345
387
444
-78
-54
296
279
357
61
7
-105
157
232
72
356
94
54
169
143
-89
354
130
-66
424
37
308
35
14
-1
325
312
369
383
197
441
237
52
120
116
-21
196
377
-82
94
-37
-53
-107
185
3
80
-46
-10
105
349
148
-96
228
393
131
309
217
69
380
-107
22
310
434
-70
205
3
47
239
301
-98
135
180
162
239
168
367
-56
-31
77
294
210
22
407
411
365
138
416
-18
242
205
76
384
0
390
276
417
-49
390
170
273
304
352
-32
-114
-22
10
-63
139
-48
254
439
-18
121
387
148
-75
16
-8
-107
435
405
190
172
-77
268
115
-13
73
292
205
431
108
118
84
387
73
410
255
197
224
87
261
297
385
409
-64
55
130
245
326
-59
439
61
45
286
400
199
433
449
332
155
246
391
388
400
-12
-29
-10
435
174
381
-33
7
70
-1
246
324
80
148
246
323
-109
358
373
444
192
44
244
7
164
-1
-69
393
101
-41
153
439
181
277
456
117
116
237
386
363
55
60
166
60
204
69
-101
322
-86
64
241
296
-14
93
-37
382
65
150
212
119
-107
-69
87
-116
50
273
452
396
291
-57
62
-118
61
280
120
443
393
304
346
28
313
-38
146
30
88
303
406
406
372
-28
76
384
110
-84
305
81
-9
0
271
410
371
443
348
-109
390
295
430
252
448
-8
116
-109
354
7
292
-30
-48
11
72
85
143
6
-60
278
156
157
-80
413
53
284
67
-6
-13
199
2
360
176
223
319
188
-9
-84
444
68
220
196
238
7
263
297
57
312
108
339
52
363
129
178
228
447
-62
-58
-45
219
40
62
7
437
160
213
20
-114
8
272
342
133
243
-55
182
88
105
246
-71
20
221
156
404
322
335
380
-115
88
263
451
103
269
7
413
387
343
-88
-16
105
-63
28
-4
-59
340
373
336
-100
227
45
-81
38
417
-3
277
412
-46
449
382
316
-121
451
338
22
62
377
206
379
346
-65
189
262
131
355
-23
213
-117
122
-79
124
449
368
63
311
336
113
96
212
269
82
198
1
-12
444
234
-82
226
125
52
88
151
408
301
20
408
435
345
-84
283
230
90
108
12
229
41
260
206
11
81
304
-52
165
66
-12
191
140
-111
28
387
414
310
8
176
102
-25
240
-52
-10
-103
206
173
273
214
-24
49
177
249
-35
428
344
312
-99
20
246
276
405
-16
331
-41
-41
-118
1
243
286
393
245
169
-107
-17
137
321
176
-13
410
296
25
299
-66
8
327
272
351
112
305
-96
232
-27
31
133
359
454
-49
-76
172
418
60
17
142
-12
232
80
114
-20
16
-33
21
129
381
180
39
-105
424
78
150
153
422
362
53
0
-99
92
450
283
-44
8
386
431
417
198
272
-28
326
446
76
-25
413
377
-26
216
35
301
56
-94
-65
218
33
98
-4
413
171
310
448
272
393
90
302
193
159
395
445
85
20
290
25
313
154
220
168
-79
-25
-102
338
70
116
383
-119
196
164
41
142
70
81
-59
75
-71
118
31
245
366
409
-106
-66
240
331
301
359
-54
41
14
435
69
268
455
4
346
69
392
286
57
58
199
268
109
168
-14
88
3
190
445
173
24
366
151
-6
122
79
106
-38
-57
49
444
-1
335
279
-6
408
-42
269
47
267
62
420
258
-62
164
-69
-53
-21
367
234
440
317
15
289
52
-4
370
122
-62
8
202
359
-2
272
402
21
13
186
-52
-123
-33
221
127
354
-20
125
91
238
183
232
148
137
178
12
-52
-46
414
-15
433
53
-56
-21
269
-56
241
250
199
419
189
163
236
13
213
185
165
136
118
217
216
339
80
-31
298
50
195
144
272
183
148
108
-82
-62
105
270
-79
316
288
448
339
-29
-37
129
132
-82
-54
406
339
-120
152
100
184
151
1
236
305
53
-91
323
186
-108
244
296
333
368
290
11
277
149
-123
149
183
-39
432
115
165
363
450
186
-19
-115
-14
-44
380
310
93
167
7
40
-92
317
399
-29
298
379
391
-9
164
373
277
-15
129
-120
244
309
207
-42
146
27
-62
455
187
90
251
32
-115
388
274
432
252
428
77
-79
50
299
-60
337
420
236
294
46
93
257
301
139
352
187
-92
295
95
380
149
353
242
406
-103
228
227
178
15
323
175
89
-13
9
302
243
50
227
328
144
315
230
413
439
231
199
420
375
7
315
80
-26
108
308
397
336
373
140
363
-122
62
377
374
321
382
454
173
-18
-56
124
-14
115
76
128
85
438
4
-37
29
-83
450
370
-98
365
94
385
38
283
422
-93
209
403
389
336
140
1
63
388
228
368
-117
145
221
86
317
300
160
155
13
124
244
213
91
-40
65
317
189
267
39
-23
193
198
234
403
127
-57
313
117
403
-103
164
269
-93
253
250
429
-117
-32
-32
232
64
72
-28
-37
382
270
287
225
308
23
362
-5
104
-33
299
323
37
226
225
204
71
216
23
103
-3
14
200
323
-15
242
-52
221
41
-20
378
139
384
275
156
293
335
297
382
269
409
114
158
55
379
-79
83
68
127
273
435
360
-24
6
-39
96
151
-110
436
-5
59
238
290
170
193
196
-123
387
-102
365
-82
156
117
171
-6
412
127
227
418
-13
110
51
156
359
389
52
99
-1
-57
403
122
-81
381
322
202
-98
-105
-47
347
269
178
-47
-35
365
429
330
372
237
5
290
223
138
414
329
144
396
79
-61
-117
182
45
393
-98
360
-38
296
408
88
105
377
358
-41
254
27
85
283
-65
273
141
326
328
256
123
309
151
-14
348
230
-102
-58
-71
289
138
365
374
201
115
245
279
60
353
78
258
165
224
80
0
152
304
183
179
246
-65
375
360
-12
245
428
171
388
399
-41
300
92
132
98
282
192
395
-33
5
127
-100
-77
6
303
-30
96
-89
216
127
242
61
17
180
145
69
248
135
-84
413
55
79
220
74
92
-7
-94
160
354
105
413
-96
-107
70
125
-78
31
351
349
-79
224
181
26
181
28
448
-21
3
119
354
306
416
-110
-40
220
302
0
196
371
181
57
194
-108
452
157
373
332
-14
54
210
415
18
-27
63
19
439
105
448
-50
335
-39
432
65
371
395
309
299
384
386
321
91
166
-89
97
432
-20
-97
-63
111
350
47
189
193
330
205
53
143
98
242
119
63
452
429
384
224
144
-45
-23
276
244
-39
247
342
244
320
389
375
57
7
199
239
455
143
154
236
291
332
442
437
102
-118
358
26
53
-92
-104
241
312
-22
231
204
21
-84
119
388
411
99
279
3
215
85
-106
158
-1
236
30
383
65
-60
244
440
-115
25
151
53
102
135
413
122
66
78
121
-52
-84
456
287
315
-98
323
-117
-92
244
110
284
206
-15
132
-38
163
214
227
-52
382
350
-123
334
399
5
-42
-16
293
-5
245
316
193
242
256
85
41
-89
286
56
41
202
70
74
391
-110
451
262
16
-122
299
64
283
-5
182
222
279
123
245
324
-103
-62
86
-55
392
390
383
230
347
453
30
-55
-32
53
247
425
174
204
342
408
-33
271
311
-77
128
389
222
374
129
-10
292
73
-98
52
255
175
-72
249
30
360
-104
216
416
410
256
280
6
-71
434
174
418
-121
93
328
12
274
272
427
-31
88
456
257
232
-58
-91
231
440
-116
23
328
107
371
-22
211
103
278
146
-50
300
-96
-83
181
139
279
218
-71
-14
-87
298
249
400
29
401
-59
213
381
411
151
375
56
102
81
40
9
443
152
236
264
215
-22
155
-100
-19
-68
294
239
201
217
243
-18
6
24
426
340
112
222
-2
-26
435
360
-35
435
404
193
237
177
-11
-96
269
69
259
-76
0
180
155
52
59
16
233
236
316
58
173
361
61
-32
-34
-119
431
400
126
398
437
-98
-17
-73
310
440
117
72
231
383
74
433
283
69
-28
158
428
33
-17
104
225
165
40
-8
377
-94
11
119
436
410
-80
-52
123
-51
193
196
433
-43
420
389
8
371
150
222
312
141
284
110
393
-21
410
372
281
278
207
319
82
151
302
287
-54
187
310
131
30
-105
-73
408
65
58
153
317
84
354
452
366
129
72
-109
328
408
-36
75
310
2
-27
17
350
77
285
198
243
131
348
-102
191
216
429
88
-97
-70
278
79
275
33
195
335
18
315
76
78
58
61
427
-10
-16
101
9
-59
38
-9
71
24
129
329
83
-37
234
-65
262
-118
166
107
357
300
-119
209
352
152
104
294
245
-36
372
24
-75
-10
7
140
422
35
81
262
332
124
117
248
91
303
389
345
99
-5
323
445
-16
250
109
318
243
158
133
-78
172
-16
396
14
58
368
442
296
351
288
308
287
-110
385
420
233
6
421
99
45
298
-69
-37
307
69
201
-63
221
7
99
31
167
353
166
239
382
343
254
390
332
200
119
180
282
216
143
184
330
171
443
-43
232
49
168
339
399
160
17
439
66
-114
43
-29
114
195
389
342
303
-87
387
33
176
448
-74
287
81
269
226
-53
-13
146
321
27
270
417
290
348
347
203
142
-118
42
243
97
-50
54
-38
215
-74
455
442
405
142
404
238
432
-17
84
343
271
-51
-28
47
-76
202
81
-56
159
45
4
184
356
91
352
-7
73
99
83
154
124
221
239
345
296
-54
451
323
319
7
-29
-7
-77
208
318
27
-86
95
453
-46
247
49
-68
95
247
247
4
268
378
-7
248
301
248
109
-71
234
179
391
160
-105
138
120
348
254
-114
79
127
355
400
384
92
438
408
260
110
152
321
53
202
-74
162
4
322
349
-11
258
291
408
-119
351
-48
114
156
294
194
157
437
-79
211
271
274
154
126
155
389
26
171
226
158
60
402
-25
365
368
-45
277
-39
360
-86
-8
10
237
152
357
410
410
307
28
12
303
412
436
-81
325
192
335
92
108
220
372
-113
149
242
411
384
-122
325
286
-46
301
447
116
456
249
455
128
188
-61
197
139
236
-115
41
32
-92
165
79
205
367
-78
91
-118
319
-23
-62
66
19
15
16
-111
435
-64
-68
407
374
233
356
271
199
227
348
124
259
273
321
64
180
375
78
244
95
181
2
409
47
175
117
198
-33
28
112
-65
116
280
-121
269
-50
96
161
-66
213
207
406
144
58
167
-48
246
231
-13
77
116
-5
53
263
331
78
359
245
47
319
-97
315
-122
261
22
-17
346
20
-30
-117
121
192
181
42
-2
-98
60
341
170
-4
142
382
449
-95
231
103
-63
-83
123
106
386
419
339
157
384
74
-113
409
261
374
436
277
10
5
-4
234
-101
348
162
31
103
312
351
402
-65
402
422
47
430
399
339
123
195
36
124
386
-105
175
285
203
456
-45
354
353
279
359
-6
344
37
351
97
135
39
93
-8
326
16
384
-9
115
247
405
341
111
256
415
370
338
29
286
-61
287
85
368
279
264
350
176
281
162
126
145
82
213
-9
-14
452
-27
366
81
42
155
401
264
253
45
185
119
93
-109
120
391
394
225
-84
-109
10
169
434
363
280
-96
-118
-91
362
-11
423
36
273
101
115
-27
324
116
152
357
148
-97
10
419
450
315
346
-21
200
148
424
130
6
158
413
2
437
14
241
385
67
61
131
455
184
189
250
76
253
359
188
1
-15
261
356
84
323
416
137
247
330
-39
320
133
395
237
67
-14
99
286
350
288
349
305
4
213
-30
51
431
376
81
-83
80
248
420
20
103
395
435
106
348
63
2
-1
-36
91
368
162
-90
-76
23
396
-50
-79
210
-14
72
-41
180
106
151
437
163
269
166
-39
310
-84
436
-53
292
428
195
298
24
273
218
410
-52
117
249
370
112
1
440
213
20
286
-61
380
-58
198
209
103
222
127
-52
-12
307
455
400
199
133
140
342
-113
3
220
98
437
125
-25
-108
-2
210
345
447
370
20
-66
387
206
-13
106
97
206
143
-54
196
237
-89
-63
-11
225
165
66
237
377
116
177
227
146
133
451
165
104
165
40
118
-111
-44
272
34
350
350
-3
422
253
66
379
379
149
99
117
408
140
292
-110
-74
203
39
134
449
-75
352
-37
94
199
75
365
408
-82
67
341
108
409
168
267
54
331
387
291
146
396
224
158
-69
409
-55
34
70
423
424
357
110
143
-41
275
78
188
345
-68
81
146
264
276
192
113
176
310
13
165
193
105
179
375
69
455
96
-48
254
453
404
24
107
156
385
25
23
199
-4
236
-49
-32
213
168
22
329
362
-60
153
278
137
87
390
287
-111
250
112
289
78
158
23
202
81
422
-11
159
315
270
353
343
400
-114
14
111
3
340
-105
392
111
-116
30
-68
-14
248
-99
240
-105
-41
127
75
-15
140
245
451
266
210
225
351
418
83
228
307
-95
135
85
121
338
316
210
237
21
32
445
19
378
-80
326
335
-87
141
-3
253
411
369
188
417
101
176
206
375
49
151
439
265
163
214
287
-52
156
64
224
24
-116
163
382
-109
222
281
187
430
300
19
-37
164
353
162
448
433
351
330
164
451
293
435
-55
219
297
399
15
390
428
27
383
-30
206
399
-3
65
281
234
327
94
-9
242
302
239
431
88
247
439
222
115
248
-87
72
361
391
453
58
218
110
-1
114
111
66
88
329
175
-74
134
309
442
-120
43
443
347
222
327
347
-3
431
-50
276
31
374
363
317
-92
338
371
-97
-15
357
-14
-48
103
353
47
447
273
-10
146
19
-69
209
268
188
10
271
259
283
214
98
55
8
132
21
12
261
344
383
-42
3
163
338
-77
17
275
334
221
453
295
74
72
337
66
34
241
-59
363
254
-69
439
74
-5
402
292
268
279
88
422
-78
283
147
-61
292
-37
447
71
-7
-103
42
-28
402
168
294
243
449
-112
76
449
156
81
216
43
404
-17
-111
136
333
133
-14
-25
296
-72
403
423
-84
170
453
113
189
421
270
92
213
267
84
448
-31
258
378
441
141
-100
134
439
276
70
317
171
137
425
369
102
365
174
84
-22
236
347
367
-4
326
-47
430
357
107
-67
420
193
311
265
134
169
32
26
-62
293
335
161
134
290
54
363
-97
382
433
340
58
197
-9
74
333
344
54
-58
197
344
-106
-58
223
124
423
-103
246
-46
176
18
13
-62
226
55
124
339
118
-14
345
22
382
71
36
-56
177
148
128
-22
-122
369
427
274
454
12
267
119
421
102
116
442
8
211
22
37
158
35
456
416
257
-86
-105
27
-48
64
339
259
410
-97
401
219
25
403
-29
-42
-65
95
-38
-120
406
406
216
343
417
55
253
-92
-123
392
107
125
-123
248
-111
111
57
270
213
93
39
135
367
308
439
431
57
449
391
70
63
-43
117
50
-28
355
-106
-112
426
-80
-46
61
217
156
122
423
151
341
141
-86
358
222
369
404
6
236
406
35
286
369
187
296
63
226
328
350
74
251
-49
18
453
278
306
392
63
109
-108
64
-56
285
35
-38
209
341
426
-27
350
-66
331
96
55
225
186
230
198
320
425
74
57
208
191
-55
33
437
20
382
-28
278
207
-84
56
371
278
7
418
413
300
251
396
308
75
453
435
27
-1
289
35
159
157
256
385
96
328
20
154
124
135
196
258
-62
366
376
9
243
-94
16
44
-94
-105
180
195
405
272
336
1
57
85
210
-99
116
256
288
222
-74
152
410
401
394
148
113
24
328
-113
6
170
367
429
187
-20
398
225
322
83
-29
261
129
-20
336
184
30
-64
154
120
174
-70
348
289
339
-40
451
105
385
263
283
219
404
382
249
57
218
-55
163
260
375
84
292
-121
451
304
9
241
434
454
101
354
2
174
169
-57
396
168
-95
79
-54
357
267
331
-110
203
204
-121
406
355
456
452
118
3
89
-60
-86
92
237
84
420
-75
-48
93
69
395
221
150
16
164
159
-6
454
194
135
141
-53
-36
53
167
-74
340
341
426
288
-65
339
149
112
27
90
392
44
100
238
-40
-2
370
214
85
172
174
-43
-5
35
-18
217
-28
420
95
228
141
-111
428
138
-79
139
-113
269
42
355
13
280
450
422
82
319
97
375
-37
-61
237
98
294
183
255
59
24
332
77
-122
339
-8
326
7
220
161
117
166
357
171
73
-19
35
-1
34
-19
48
181
409
450
143
-68
83
370
-16
370
89
-43
444
151
-16
60
322
194
150
264
404
362
255
5
188
103
-117
-10
442
-109
117
149
11
26
-33
194
11
233
76
148
211
449
8
154
331
-55
-40
3
327
-68
216
428
264
291
131
132
403
249
431
432
25
302
69
428
111
-34
39
93
39
-94
294
-62
388
3
85
35
204
392
-57
301
397
378
312
37
376
380
208
310
141
305
166
359
290
108
308
229
142
-34
-73
48
222
278
291
-49
-89
275
304
188
33
191
390
161
119
396
245
264
265
-107
442
-41
42
99
215
140
-13
-51
-87
-21
432
-55
14
104
228
456
-40
180
-89
282
-121
422
63
244
231
-47
-86
394
444
449
43
-110
105
-58
342
29
-5
314
386
-24
-55
166
277
377
-13
77
382
338
50
170
392
-38
-96
160
388
279
116
71
-86
31
433
433
164
17
337
88
247
198
103
290
443
261
275
229
-84
385
50
258
269
58
213
225
213
321
78
452
418
446
299
366
451
78
118
295
342
257
212
367
150
236
-69
352
345
10
-77
56
69
434
351
304
47
437
454
344
455
153
-16
-27
5
151
435
166
233
108
54
-19
120
344
408
13
13
-29
3
-73
137
9
393
370
313
37
-73
271
203
287
238
370
31
420
187
311
54
-12
325
369
-79
117
39
1
320
147
-7
12
301
34
191
225
-65
218
355
252
247
157
341
78
-31
132
153
226
-107
262
271
33
412
280
435
444
261
-10
172
364
241
414
428
180
-42
444
207
40
41
29
43
443
187
117
246
369
-120
342
32
-57
214
399
-55
236
379
-103
215
259
-71
446
347
17
136
374
122
372
235
121
24
27
171
351
389
20
227
337
438
322
450
227
185
450
-72
387
448
297
7
353
340
248
407
-63
31
129
-119
221
-18
300
31
3
-36
335
125
-88
348
-31
135
444
-20
-95
-8
15
158
95
23
310
334
40
280
322
-78
70
380
311
161
245
-58
329
205
-105
-95
-122
410
87
44
169
448
-89
385
111
237
241
443
329
304
99
438
279
-27
186
174
-62
331
109
258
42
107
312
91
395
13
354
447
-98
47
449
289
455
326
346
230
273
389
228
311
60
232
422
-10
202
-53
403
321
134
316
157
-81
-13
-40
170
-46
442
300
150
339
255
221
124
145
235
323
-46
-43
154
339
-94
289
108
180
404
194
146
372
-89
-20
154
206
-68
144
-77
157
305
251
171
-15
-58
-79
407
139
450
59
423
134
400
-1
403
237
-107
-5
113
203
276
181
47
379
41
-119
353
166
21
215
165
401
359
-1
402
-67
324
220
14
-81
269
-86
187
434
173
187
176
200
450
148
177
249
213
133
183
136
392
329
71
283
85
100
146
393
223
172
229
393
221
314
431
78
403
-54
126
372
70
-43
292
449
339
388
397
194
56
78
-80
337
269
86
-111
301
398
422
-7
261
-107
387
-21
406
341
22
-34
150
326
16
205
287
396
350
-57
319
397
322
102
443
155
-116
227
121
364
321
120
-7
-93
143
250
453
-98
359
198
59
159
437
370
-91
449
411
201
320
176
-90
23
-97
434
170
398
260
253
303
209
-56
332
52
117
68
162
446
8
249
410
-53
-80
15
325
-122
427
435
222
323
298
451
251
173
122
42
414
51
261
385
208
256
-99
192
149
165
204
125
-118
442
151
253
292
140
401
164
0
-94
39
-29
116
183
373
165
253
125
-20
285
-117
1
375
-9
26
-53
145
130
-51
278
342
-13
130
36
17
34
-45
419
79
443
-22
413
60
393
426
242
364
8
1
-99
305
209
207
449
241
129
-112
70
102
262
134
283
437
398
314
-87
163
-18
102
-109
31
364
351
384
181
66
423
284
346
-116
36
291
163
394
41
50
-24
288
211
385
356
401
62
336
73
-104
-67
154
259
186
390
-104
135
372
391
398
195
156
87
315
-91
67
45
447
209
326
-2
120
425
3
431
394
220
256
269
219
131
-122
-114
284
402
380
207
51
-91
-100
157
98
214
-90
119
-41
171
-63
66
63
-108
67
110
-117
432
293
295
-35
-3
133
10
-33
-63
218
-75
-9
120
32
18
359
-95
446
-2
88
-93
64
47
430
316
156
-6
41
397
-22
396
205
154
126
153
166
30
337
450
260
413
446
434
-33
223
80
-3
452
220
272
429
411
183
348
437
23
289
-26
96
399
192
51
275
121
-114
225
56
279
-43
75
-97
446
252
272
443
92
-117
-20
252
35
69
330
-111
152
-26
361
429
333
27
-7
275
299
-108
150
-106
419
154
306
223
-73
28
22
-93
260
384
224
218
332
177
274
221
68
-24
258
36
345
234
102
-20
-24
420
32
360
126
88
-92
-112
113
-69
449
390
382
321
245
442
242
37
365
374
-106
249
364
422
130
410
-2
16
376
414
287
380
55
-55
211
346
27
-112
-61
134
-16
-24
380
186
250
198
-14
144
373
-111
158
135
343
6
367
226
-18
321
211
349
-65
280
101
416
-36
325
64
274
392
-114
250
213
333
291
-28
256
108
158
5
202
377
148
153
-40
-114
-89
49
71
150
179
105
288
340
425
56
118
52
373
204
340
-104
-19
182
-80
131
276
48
-63
-25
136
-88
213
333
239
20
407
383
131
177
-114
304
-40
113
283
-63
118
52
359
342
150
122
411
88
-74
58
309
77
-112
-120
119
20
-18
-90
-65
17
453
272
246
114
-21
277
309
206
178
398
260
-16
66
24
205
75
11
80
-20
265
305
213
330
-109
117
96
377
72
164
121
50
294
443
389
315
302
108
328
-38
-121
313
273
126
-76
369
-36
314
452
34
304
420
322
6
241
312
-112
11
234
255
341
99
199
372
405
-113
377
162
291
226
201
395
442
34
47
-12
360
-34
351
114
428
238
139
147
-121
113
341
415
110
239
120
-100
74
205
448
208
413
148
313
409
337
70
26
110
365
-15
270
-92
375
132
273
307
-2
39
434
179
196
105
342
339
109
108
-83
411
352
402
312
356
-25
190
0
322
339
407
430
140
92
-20
149
103
368
28
-61
-116
130
158
433
-122
332
342
384
347
-77
103
20
182
176
250
171
313
53
413
186
-26
400
420
172
330
224
54
280
-19
231
-114
71
173
-107
331
32
59
405
38
440
332
110
75
162
397
90
305
-111
173
254
342
-31
346
340
147
-62
270
88
159
247
94
128
103
216
201
425
266
-51
268
298
434
-50
-40
351
-11
225
-84
-55
450
235
111
-34
90
411
-56
221
182
-77
92
424
421
-79
186
-90
255
439
333
298
200
178
158
65
-58
-54
455
453
193
53
111
-19
266
453
339
426
-10
235
226
94
348
-28
95
148
30
309
190
432
89
122
32
359
149
150
257
15
262
-53
-51
230
352
-118
340
373
-80
452
52
277
95
142
154
276
227
413
-87
351
218
287
-102
421
444
31
-74
193
70
329
83
-113
14
142
279
-75
14
3
191
50
-62
210
183
-117
-11
333
352
109
266
150
-7
4
446
-48
107
56
384
92
289
230
-84
6
175
-23
381
407
176
308
313
404
296
240
134
272
-114
-61
311
128
-61
232
127
127
98
83
42
395
62
44
453
264
436
212
293
347
-113
94
-29
52
-100
374
358
386
60
54
170
353
440
-112
230
-3
261
297
227
217
316
-44
409
131
61
179
175
412
-30
30
308
316
45
83
142
4
102
375
45
413
40
3
455
436
381
126
272
-84
-99
395
409
-98
-53
147
448
253
-55
217
403
189
104
-102
369
341
150
169
-114
158
-6
9
-114
-60
-84
327
443
281
32
-18
171
50
184
400
309
143
-43
130
92
297
68
51
-34
385
90
399
433
-68
310
-100
109
202
448
-55
235
54
29
-86
7
152
162
-27
-89
-62
441
451
-13
435
-45
274
-122
-20
112
-102
142
243
68
268
376
456
-115
58
158
379
73
327
-14
454
182
418
442
445
370
426
-62
9
282
60
451
148
295
88
398
-23
132
322
55
-36
254
452
143
168
132
386
37
260
88
-115
-41
0
331
-90
194
113
362
422
-45
311
194
-4
363
307
16
164
390
322
94
12
399
268
249
368
255
92
125
139
106
179
44
319
445
255
339
312
319
-49
134
406
208
228
230
112
110
-23
320
279
22
-68
-54
-42
-46
229
169
444
82
338
375
233
-60
421
34
246
-96
223
9
81
144
144
169
413
-69
83
-36
5
-38
-106
200
291
415
275
-52
-30
408
-122
287
296
364
248
335
259
10
88
423
-95
344
356
127
249
140
423
421
181
330
442
408
-6
350
-121
240
293
441
100
-63
348
336
-69
-52
-21
-91
338
246
-4
117
171
330
266
-78
50
147
-60
40
-116
51
45
200
290
23
181
95
-116
155
45
114
-118
146
379
379
368
164
121
-39
328
205
374
102
346
445
428
166
-45
447
36
319
154
175
138
362
398
-12
-106
-39
377
450
-7
443
240
450
-74
399
111
32
35
427
242
400
84
372
-74
451
234
-23
328
-79
-26
421
15
-45
353
422
42
-101
-57
201
401
335
198
80
93
113
-75
81
184
-121
-42
271
379
329
96
393
446
138
426
312
131
327
129
16
135
258
-59
263
-3
79
382
214
112
225
66
-25
93
224
338
-121
306
281
114
372
328
205
-18
141
310
115
437
-25
182
-83
79
-63
171
-95
336
180
-110
148
217
381
70
127
239
-86
383
-52
21
46
336
294
255
239
-96
376
2
120
-19
145
294
69
226
411
-58
-120
162
378
267
-85
444
172
441
218
137
414
-45
7
92
-50
405
307
39
85
239
-9
37
-121
244
439
165
287
370
66
-3
-77
309
12
321
179
233
7
284
364
246
146
138
175
15
-14
2
88
220
277
263
385
365
401
195
18
35
-77
437
44
120
380
143
-71
45
-60
310
317
-107
326
-73
-85
435
70
-23
-120
85
39
432
-77
4
-66
240
265
438
333
431
51
129
331
257
113
77
351
6
268
66
192
328
-25
372
421
171
196
304
-1
-64
427
279
198
119
248
110
96
-79
-35
-35
293
-35
134
233
413
129
-41
184
62
-19
-93
443
104
-50
378
213
22
-112
139
201
57
148
381
224
-22
378
129
-67
-65
33
-92
115
-27
205
239
378
214
277
126
397
406
80
232
-40
46
-91
36
-17
257
349
-19
140
-116
19
202
-84
40
416
-99
123
310
90
121
157
431
295
120
245
-66
322
221
-52
86
321
268
298
-78
262
216
387
225
339
423
194
227
58
69
-17
448
-59
42
25
442
317
-10
99
86
176
73
-76
350
10
-121
9
411
248
334
206
62
30
105
166
257
119
54
255
-122
110
-71
-85
18
148
236
322
280
-120
405
57
-108
-76
35
-15
-33
210
434
269
386
-90
-60
-37
-96
-117
225
-86
367
-121
414
201
228
5
423
155
317
383
32
301
205
378
370
39
334
-20
143
6
95
99
318
52
291
-111
183
324
79
-52
244
254
-98
285
54
-7
244
372
40
403
133
-46
-22
8
232
62
100
174
192
-38
-41
259
243
111
136
375
399
258
374
250
397
337
324
356
211
109
356
122
265
134
-68
107
414
118
-91
220
267
161
-69
405
-71
309
12
-43
90
245
207
99
115
385
212
387
172
397
310
26
258
-6
392
-13
57
214
215
148
257
9
-84
180
38
268
226
254
96
354
225
268
160
313
31
56
-8
-42
352
39
308
260
140
205
64
78
-83
-72
55
-3
275
349
-86
-8
46
61
65
-35
381
149
71
429
239
379
63
428
-76
194
322
97
132
394
128
368
181
12
73
333
392
111
412
310
-18
-54
244
277
435
15
424
75
-84
63
-74
-65
93
-79
200
-59
358
58
133
282
254
12
144
382
121
-24
357
-31
61
-116
-108
234
138
176
334
286
142
368
169
-103
93
-101
-26
113
78
94
-90
280
265
8
397
-74
-98
290
156
48
24
204
253
432
107
43
274
-52
-117
127
115
-26
276
449
-114
-63
97
337
226
222
381
12
170
374
101
314
127
-119
-98
-120
357
-7
327
371
330
74
115
54
166
173
41
56
153
-26
-72
208
359
84
384
247
243
64
147
407
274
320
442
135
96
57
387
-45
-1
454
133
256
396
455
55
-70
-19
274
48
337
-110
342
190
35
207
168
411
91
432
41
8
426
256
300
1
318
283
252
-61
338
415
113
-105
-34
-100
3
197
317
81
120
232
333
9
56
-37
86
-43
53
316
238
88
225
454
171
436
8
146
144
-31
269
126
223
-47
-70
275
44
177
384
-28
-96
125
-36
441
-50
75
175
-116
353
329
-10
184
166
-30
-26
-2
186
366
260
48
338
400
246
47
323
-28
-76
67
-19
392
200
304
372
409
62
222
-33
108
190
214
341
127
-24
344
0
-71
395
88
94
348
-94
237
329
-71
-33
-34
-9
425
-2
249
66
130
303
0
336
156
390
442
141
8
13
-110
-104
107
285
342
40
408
201
358
-15
63
374
163
104
112
94
390
156
349
145
446
332
380
24
29
-32
284
-25
330
378
362
-41
259
191
-100
95
347
150
-26
345
403
423
74
390
-77
-76
98
-43
269
165
-13
135
425
218
180
-113
406
344
189
422
386
446
-63
-49
66
-24
251
-122
146
212
124
383
-79
177
390
345
317
267
235
-1
-83
60
248
-78
24
-91
-103
-40
-93
111
10
138
-121
116
436
95
-38
79
259
-59
226
46
-110
207
406
289
451
221
302
253
161
218
103
294
379
367
260
242
-4
225
270
121
144
-29
88
199
276
60
210
134
142
176
-7
21
182
248
39
21
175
315
8
433
-76
184
-120
35
-6
401
49
411
91
-21
339
30
-47
-114
340
80
30
264
-13
-116
413
399
289
-54
128
351
133
443
-66
-68
41
151
-75
-123
200
447
165
161
155
241
46
217
74
276
445
350
-48
136
52
11
334
330
84
-76
262
248
124
120
407
-116
78
268
327
399
219
7
-109
241
-85
-35
443
390
397
440
344
94
175
311
180
210
338
34
283
188
295
255
-103
137
-64
387
-97
91
128
346
368
-19
265
385
210
29
354
384
152
49
356
377
6
-28
-121
319
118
188
275
97
-24
302
21
-71
174
268
294
84
414
222
323
265
128
86
355
306
48
441
354
302
434
62
352
99
-25
391
183
69
142
8
194
82
77
214
301
-14
25
19
273
210
256
209
345
-122
360
337
134
149
416
399
258
200
344
194
134
266
-4
-27
194
425
340
0
438
-31
241
71
55
67
169
287
222
251
345
-61
80
-21
257
456
444
-114
454
19
241
-120
306
225
181
426
345
369
-90
-65
-48
52
43
374
382
-111
361
49
-62
106
330
-123
165
345
246
135
-32
86
-29
89
33
113
89
31
-59
145
77
366
-51
308
268
82
52
-40
349
21
176
-30
107
151
448
15
173
266
-12
431
177
302
367
-30
381
79
42
87
6
65
265
384
310
359
263
144
18
449
403
60
218
180
79
-17
353
126
424
-1
51
416
357
-105
84
347
-98
157
50
445
428
81
302
246
92
-57
252
110
52
-8
278
-81
81
-120
349
385
29
-102
32
187
420
-39
-115
298
84
182
48
441
361
7
88
251
63
181
29
-76
41
30
176
105
322
3
213
261
190
34
198
170
288
217
424
113
-121
22
302
165
242
71
-102
39
-90
87
-54
-99
329
199
307
417
-67
418
161
141
127
324
249
326
-5
-37
230
110
-35
76
150
433
133
104
28
280
26
245
247
279
335
55
267
207
-2
391
-23
414
70
382
-95
265
194
-110
-27
231
-7
65
400
-107
239
78
-52
-36
320
122
429
275
158
362
138
-60
395
184
322
305
2
6
183
182
273
311
152
270
239
7
99
349
21
111
177
107
429
21
248
219
204
180
377
-10
-56
276
426
251
314
160
-66
430
405
-33
234
231
425
234
76
129
38
-3
254
166
191
410
22
282
-46
42
269
447
419
-93
252
156
441
-56
453
63
130
27
-3
-106
-114
-33
45
129
259
176
148
118
91
65
6
272
-91
-54
157
196
402
201
41
359
430
-15
266
394
15
446
73
356
50
118
316
429
236
158
120
26
5
-27
123
61
-57
86
375
70
-105
17
85
-123
368
440
-58
391
206
250
383
390
449
402
72
181
186
218
-90
216
381
441
303
-119
148
164
-37
-76
269
421
-13
-72
192
127
106
-77
-90
-84
48
316
20
-1
-86
299
-6
-96
-74
351
408
284
349
334
182
-6
39
-77
135
221
65
270
111
-66
279
443
87
-74
409
41
182
369
428
285
150
351
432
371
332
85
350
426
15
283
-78
-71
172
24
20
-36
38
315
308
30
31
411
120
155
-10
186
69
-69
57
300
379
265
214
67
419
146
146
79
-118
-31
32
45
202
424
275
433
-91
268
-59
171
67
-72
429
-109
154
430
324
184
-11
317
408
304
-37
188
130
418
-41
186
421
-64
431
-111
134
55
248
-64
315
39
102
295
257
424
398
343
165
231
72
100
82
320
52
121
144
205
29
16
141
-85
-7
89
-73
-45
371
120
380
226
158
249
401
343
398
46
439
-59
342
176
266
441
300
207
348
318
303
103
-56
413
391
82
278
11
-101
445
-18
320
172
453
368
292
322
25
167
-16
164
94
420
30
366
300
310
-119
421
449
283
6
293
-10
29
422
125
430
265
105
29
-43
356
363
14
400
59
303
344
321
