1000
85
35
-68
-20
37
-23
6
-25
-62
65
98
-25
8
-38
-99
38
-59
33
-26
34
-38
44
55
70
68
-24
-80
-47
-38
-32
-56
46
-34
-40
-28
29
-30
-73
-72
39
97
-3
-3
41
51
90
30
30
20
-88
63
35
-1
-45
-36
48
1
3
78
-26
65
-15
15
89
-14
-80
-60
22
-2
76
90
-40
-37
-98
-54
80
-73
45
71
-24
-20
-52
26
-13
26
-12
-2
-10
-18
-84
74
-23
49
-85
33
71
-21
-92
-36
51
90
-90
93
18
74
76
61
22
26
80
-79
-45
78
-49
-30
34
8
23
43
71
-98
-80
90
-95
-25
34
69
-94
18
-47
10
-59
-70
22
-84
100
11
50
-46
-34
99
91
-5
67
76
48
-84
-40
-39
94
-67
-30
5
-25
-86
30
7
-46
61
-6
-27
-70
15
-28
-90
-89
50
-64
79
29
-10
59
55
25
27
88
-31
75
-73
29
-46
86
23
64
22
-57
-4
-52
-93
-52
-67
-38
-16
17
78
46
76
98
-100
85
-62
-98
49
-26
80
82
-31
40
-89
-51
21
98
92
-39
61
-11
-95
-94
92
82
79
-67
92
74
97
-3
76
-90
77
-19
-74
-42
-62
-55
93
-54
62
-92
-50
69
35
43
9
20
54
0
-69
-63
71
99
56
-28
40
47
35
15
64
98
-70
8
-30
-62
-89
-46
-9
72
-25
-4
-12
-22
2
-70
7
54
46
-89
-43
18
-44
64
-94
84
51
20
-52
66
67
73
24
-66
-94
-69
84
-71
-6
64
-26
-92
-20
55
-23
-57
-7
-56
73
66
81
34
-36
-63
73
25
55
-30
31
58
-41
38
45
72
94
45
-39
66
4
0
40
-5
74
-87
86
64
42
-96
94
1
1
21
-72
23
30
76
77
62
79
64
-23
85
55
77
-61
-97
73
-82
71
-90
-26
20
3
-28
-96
-81
17
9
-42
90
-75
12
63
-92
80
11
-8
-89
-47
94
49
82
-63
1
-33
25
76
2
90
-64
90
-72
97
43
-55
-51
20
12
-44
94
93
99
-100
-69
89
39
-83
-17
-68
-11
-12
-92
43
-89
-96
29
-95
-26
-23
44
-93
-97
-44
32
-93
-74
94
87
-43
-15
-62
-6
52
74
-45
-87
-100
-33
-86
56
-60
64
77
-93
73
-47
62
7
-32
-14
-76
62
-63
80
20
86
-16
-86
-75
78
-32
28
96
-1
-29
93
-92
-88
-14
39
-80
83
-74
5
-78
-10
80
-74
18
76
-21
12
-70
-28
-3
-9
53
38
-6
-38
-12
-65
-18
-96
94
48
-72
-83
79
-39
79
-21
-43
96
-68
88
-25
49
94
65
-2
-92
-73
-54
23
-6
51
58
10
-44
-48
-98
68
87
2
14
-57
50
-10
-30
-72
68
48
66
-66
4
-33
-50
-61
61
-28
16
66
33
80
-45
38
-87
-64
21
-81
-1
46
74
30
13
35
-28
-57
-77
-8
90
32
28
-54
2
-28
-15
28
-77
30
-67
66
19
18
-25
-23
10
-46
-46
73
66
64
-93
38
80
-78
-95
18
-31
-81
-91
-74
51
-4
33
70
87
-87
-100
17
65
59
-58
49
64
22
32
71
85
10
-25
-80
-11
-8
-74
54
-2
-40
-57
-39
-89
-100
32
84
35
-40
-94
24
11
-3
-81
-83
-21
-48
23
-62
-100
0
98
85
-87
0
-99
75
-35
80
-74
-27
-82
-29
-50
-17
-27
76
-31
60
45
47
11
-3
16
-45
-86
38
59
3
-56
56
57
-4
95
64
31
35
66
-34
-67
15
98
-97
43
58
30
39
81
88
10
-40
43
-100
32
3
52
45
93
90
96
9
39
-87
28
84
-5
23
60
76
9
13
-9
31
-17
46
-28
7
-20
26
-9
30
-55
24
38
-93
5
-13
-27
86
0
-67
86
30
-13
-28
92
19
-38
-38
16
84
97
69
-30
62
81
71
1
-2
-89
99
-86
50
36
-58
34
41
48
72
-10
-61
33
-9
-2
-74
-20
100
17
-94
-94
18
-76
-88
-87
-17
75
4
-86
-97
-37
18
-98
-54
-50
69
-71
38
85
49
-60
90
65
51
13
-60
47
-30
82
23
33
72
-46
-83
-7
-29
58
50
-40
42
-45
-44
-100
-77
24
79
-99
34
-46
16
33
17
-36
21
33
-86
-98
94
-36
26
34
25
60
-80
33
32
26
90
6
83
-87
74
-69
8
-49
96
-40
-4
-44
-41
-25
-76
-58
35
28
56
60
-62
-21
-92
50
43
-92
-76
-23
73
-76
62
-87
-61
-32
-8
27
15
-32
47
4
-63
-29
44
-34
76
-56
58
63
-24
73
66
88
22
76
11
77
-93
-40
-56
-83
-75
-29
-66
40
-63
-32
-39
16
90
0
98
72
-12
-38
-2
19
-64
-85
2
-15
-83
-90
68
-58
-72
-45
100
32
28
82
-29
-13
88
54
67
-15
-83
-16
79
67
6
-14
86
66
-36
-42
-62
74
-77
79
27
65
22
28
25
-84
-47
-76
93
-89
-76
-79
-57
25
-49
11
49
-91
-78
1
-29
-75
34
36
-6
-77
65
100
-47
-13
-18
-4
-23
-12
6
11
74
50
-89
54
17
41
-43
-74
75
-96
-97
-90
12
96
48
47
91
66
77
-87
11
-35
-30
83
